Memory Dump: Instructions
000 1000D 00001 00000 20003 61006 6000E 20003 00001 10003 30003 40010 20004 10002 60003 1000E 63000 
010 207FF 207FE 307FF 307FE 10000 63000 63000 63000 63000 63000 63000 63000 63000 63000 63000 63000 
020 63000 63000 63000 63000 63000 63000 63000 63000 63000 63000 63000 63000 63000 63000 63000 63000 
030 63000 63000 63000 63000 63000 63000 63000 63000 63000 63000 63000 63000 63000 63000 63000 63000 
040 63000 63000 63000 63000 63000 63000 63000 63000 63000 63000 63000 63000 63000 63000 63000 63000 
050 63000 63000 63000 63000 63000 63000 63000 63000 63000 63000 63000 63000 63000 63000 63000 63000 
060 63000 63000 63000 63000 63000 63000 63000 63000 63000 63000 63000 63000 63000 63000 63000 63000 
070 63000 63000 63000 63000 63000 63000 63000 63000 63000 63000 63000 63000 63000 63000 63000 63000 
080 63000 63000 63000 63000 63000 63000 63000 63000 63000 63000 63000 63000 63000 63000 63000 63000 
090 63000 63000 63000 63000 63000 63000 63000 63000 63000 63000 63000 63000 63000 63000 63000 63000 
0A0 63000 63000 63000 63000 63000 63000 63000 63000 63000 63000 63000 63000 63000 63000 63000 63000 
0B0 63000 63000 63000 63000 63000 63000 63000 63000 63000 63000 63000 63000 63000 63000 63000 63000 
0C0 63000 63000 63000 63000 63000 63000 63000 63000 63000 63000 63000 63000 63000 63000 63000 63000 
0D0 63000 63000 63000 63000 63000 63000 63000 63000 63000 63000 63000 63000 63000 63000 63000 63000 
0E0 63000 63000 63000 63000 63000 63000 63000 63000 63000 63000 63000 63000 63000 63000 63000 63000 
0F0 63000 63000 63000 63000 63000 63000 63000 63000 63000 63000 63000 63000 63000 63000 63000 63000 
100 63000 63000 63000 63000 63000 63000 63000 63000 63000 63000 63000 63000 63000 63000 63000 63000 
110 63000 63000 63000 63000 63000 63000 63000 63000 63000 63000 63000 63000 63000 63000 63000 63000 
120 63000 63000 63000 63000 63000 63000 63000 63000 63000 63000 63000 63000 63000 63000 63000 63000 
130 63000 63000 63000 63000 63000 63000 63000 63000 63000 63000 63000 63000 63000 63000 63000 63000 
140 63000 63000 63000 63000 63000 63000 63000 63000 63000 63000 63000 63000 63000 63000 63000 63000 
150 63000 63000 63000 63000 63000 63000 63000 63000 63000 63000 63000 63000 63000 63000 63000 63000 
160 63000 63000 63000 63000 63000 63000 63000 63000 63000 63000 63000 63000 63000 63000 63000 63000 
170 63000 63000 63000 63000 63000 63000 63000 63000 63000 63000 63000 63000 63000 63000 63000 63000 
180 63000 63000 63000 63000 63000 63000 63000 63000 63000 63000 63000 63000 63000 63000 63000 63000 
190 63000 63000 63000 63000 63000 63000 63000 63000 63000 63000 63000 63000 63000 63000 63000 63000 
1A0 63000 63000 63000 63000 63000 63000 63000 63000 63000 63000 63000 63000 63000 63000 63000 63000 
1B0 63000 63000 63000 63000 63000 63000 63000 63000 63000 63000 63000 63000 63000 63000 63000 63000 
1C0 63000 63000 63000 63000 63000 63000 63000 63000 63000 63000 63000 63000 63000 63000 63000 63000 
1D0 63000 63000 63000 63000 63000 63000 63000 63000 63000 63000 63000 63000 63000 63000 63000 63000 
1E0 63000 63000 63000 63000 63000 63000 63000 63000 63000 63000 63000 63000 63000 63000 63000 63000 
1F0 63000 63000 63000 63000 63000 63000 63000 63000 63000 63000 63000 63000 63000 63000 63000 63000 
200 63000 63000 63000 63000 63000 63000 63000 63000 63000 63000 63000 63000 63000 63000 63000 63000 
210 63000 63000 63000 63000 63000 63000 63000 63000 63000 63000 63000 63000 63000 63000 63000 63000 
220 63000 63000 63000 63000 63000 63000 63000 63000 63000 63000 63000 63000 63000 63000 63000 63000 
230 63000 63000 63000 63000 63000 63000 63000 63000 63000 63000 63000 63000 63000 63000 63000 63000 
240 63000 63000 63000 63000 63000 63000 63000 63000 63000 63000 63000 63000 63000 63000 63000 63000 
250 63000 63000 63000 63000 63000 63000 63000 63000 63000 63000 63000 63000 63000 63000 63000 63000 
260 63000 63000 63000 63000 63000 63000 63000 63000 63000 63000 63000 63000 63000 63000 63000 63000 
270 63000 63000 63000 63000 63000 63000 63000 63000 63000 63000 63000 63000 63000 63000 63000 63000 
280 63000 63000 63000 63000 63000 63000 63000 63000 63000 63000 63000 63000 63000 63000 63000 63000 
290 63000 63000 63000 63000 63000 63000 63000 63000 63000 63000 63000 63000 63000 63000 63000 63000 
2A0 63000 63000 63000 63000 63000 63000 63000 63000 63000 63000 63000 63000 63000 63000 63000 63000 
2B0 63000 63000 63000 63000 63000 63000 63000 63000 63000 63000 63000 63000 63000 63000 63000 63000 
2C0 63000 63000 63000 63000 63000 63000 63000 63000 63000 63000 63000 63000 63000 63000 63000 63000 
2D0 63000 63000 63000 63000 63000 63000 63000 63000 63000 63000 63000 63000 63000 63000 63000 63000 
2E0 63000 63000 63000 63000 63000 63000 63000 63000 63000 63000 63000 63000 63000 63000 63000 63000 
2F0 63000 63000 63000 63000 63000 63000 63000 63000 63000 63000 63000 63000 63000 63000 63000 63000 
300 63000 63000 63000 63000 63000 63000 63000 63000 63000 63000 63000 63000 63000 63000 63000 63000 
310 63000 63000 63000 63000 63000 63000 63000 63000 63000 63000 63000 63000 63000 63000 63000 63000 
320 63000 63000 63000 63000 63000 63000 63000 63000 63000 63000 63000 63000 63000 63000 63000 63000 
330 63000 63000 63000 63000 63000 63000 63000 63000 63000 63000 63000 63000 63000 63000 63000 63000 
340 63000 63000 63000 63000 63000 63000 63000 63000 63000 63000 63000 63000 63000 63000 63000 63000 
350 63000 63000 63000 63000 63000 63000 63000 63000 63000 63000 63000 63000 63000 63000 63000 63000 
360 63000 63000 63000 63000 63000 63000 63000 63000 63000 63000 63000 63000 63000 63000 63000 63000 
370 63000 63000 63000 63000 63000 63000 63000 63000 63000 63000 63000 63000 63000 63000 63000 63000 
380 63000 63000 63000 63000 63000 63000 63000 63000 63000 63000 63000 63000 63000 63000 63000 63000 
390 63000 63000 63000 63000 63000 63000 63000 63000 63000 63000 63000 63000 63000 63000 63000 63000 
3A0 63000 63000 63000 63000 63000 63000 63000 63000 63000 63000 63000 63000 63000 63000 63000 63000 
3B0 63000 63000 63000 63000 63000 63000 63000 63000 63000 63000 63000 63000 63000 63000 63000 63000 
3C0 63000 63000 63000 63000 63000 63000 63000 63000 63000 63000 63000 63000 63000 63000 63000 63000 
3D0 63000 63000 63000 63000 63000 63000 63000 63000 63000 63000 63000 63000 63000 63000 63000 63000 
3E0 63000 63000 63000 63000 63000 63000 63000 63000 63000 63000 63000 63000 63000 63000 63000 63000 
3F0 63000 63000 63000 63000 63000 63000 63000 63000 63000 63000 63000 63000 63000 63000 63000 63000 
End Memory Dump: Instructions

CPU Dump: Registers   B = 000 T = 004 P = 001
Memory Dump: Data
000 0000 0000 0000 0000 0022 0037 0000 0000 000B 0022 0015 0000 0000 0000 0000 0000 
010 0000 0000 0000 0000 0000 0000 0000 0000 0000 0000 0000 0000 0000 0000 0000 0000 
020 0000 0000 0000 0000 0000 0000 0000 0000 0000 0000 0000 0000 0000 0000 0000 0000 
030 0000 0000 0000 0000 0000 0000 0000 0000 0000 0000 0000 0000 0000 0000 0000 0000 
040 0000 0000 0000 0000 0000 0000 0000 0000 0000 0000 0000 0000 0000 0000 0000 0000 
050 0000 0000 0000 0000 0000 0000 0000 0000 0000 0000 0000 0000 0000 0000 0000 0000 
060 0000 0000 0000 0000 0000 0000 0000 0000 0000 0000 0000 0000 0000 0000 0000 0000 
070 0000 0000 0000 0000 0000 0000 0000 0000 0000 0000 0000 0000 0000 0000 0000 0000 
080 0000 0000 0000 0000 0000 0000 0000 0000 0000 0000 0000 0000 0000 0000 0000 0000 
090 0000 0000 0000 0000 0000 0000 0000 0000 0000 0000 0000 0000 0000 0000 0000 0000 
0A0 0000 0000 0000 0000 0000 0000 0000 0000 0000 0000 0000 0000 0000 0000 0000 0000 
0B0 0000 0000 0000 0000 0000 0000 0000 0000 0000 0000 0000 0000 0000 0000 0000 0000 
0C0 0000 0000 0000 0000 0000 0000 0000 0000 0000 0000 0000 0000 0000 0000 0000 0000 
0D0 0000 0000 0000 0000 0000 0000 0000 0000 0000 0000 0000 0000 0000 0000 0000 0000 
0E0 0000 0000 0000 0000 0000 0000 0000 0000 0000 0000 0000 0000 0000 0000 0000 0000 
0F0 0000 0000 0000 0000 0000 0000 0000 0000 0000 0000 0000 0000 0000 0000 0000 0000 
100 0000 0000 0000 0000 0000 0000 0000 0000 0000 0000 0000 0000 0000 0000 0000 0000 
110 0000 0000 0000 0000 0000 0000 0000 0000 0000 0000 0000 0000 0000 0000 0000 0000 
120 0000 0000 0000 0000 0000 0000 0000 0000 0000 0000 0000 0000 0000 0000 0000 0000 
130 0000 0000 0000 0000 0000 0000 0000 0000 0000 0000 0000 0000 0000 0000 0000 0000 
140 0000 0000 0000 0000 0000 0000 0000 0000 0000 0000 0000 0000 0000 0000 0000 0000 
150 0000 0000 0000 0000 0000 0000 0000 0000 0000 0000 0000 0000 0000 0000 0000 0000 
160 0000 0000 0000 0000 0000 0000 0000 0000 0000 0000 0000 0000 0000 0000 0000 0000 
170 0000 0000 0000 0000 0000 0000 0000 0000 0000 0000 0000 0000 0000 0000 0000 0000 
180 0000 0000 0000 0000 0000 0000 0000 0000 0000 0000 0000 0000 0000 0000 0000 0000 
190 0000 0000 0000 0000 0000 0000 0000 0000 0000 0000 0000 0000 0000 0000 0000 0000 
1A0 0000 0000 0000 0000 0000 0000 0000 0000 0000 0000 0000 0000 0000 0000 0000 0000 
1B0 0000 0000 0000 0000 0000 0000 0000 0000 0000 0000 0000 0000 0000 0000 0000 0000 
1C0 0000 0000 0000 0000 0000 0000 0000 0000 0000 0000 0000 0000 0000 0000 0000 0000 
1D0 0000 0000 0000 0000 0000 0000 0000 0000 0000 0000 0000 0000 0000 0000 0000 0000 
1E0 0000 0000 0000 0000 0000 0000 0000 0000 0000 0000 0000 0000 0000 0000 0000 0000 
1F0 0000 0000 0000 0000 0000 0000 0000 0000 0000 0000 0000 0000 0000 0000 0000 0000 
200 0000 0000 0000 0000 0000 0000 0000 0000 0000 0000 0000 0000 0000 0000 0000 0000 
210 0000 0000 0000 0000 0000 0000 0000 0000 0000 0000 0000 0000 0000 0000 0000 0000 
220 0000 0000 0000 0000 0000 0000 0000 0000 0000 0000 0000 0000 0000 0000 0000 0000 
230 0000 0000 0000 0000 0000 0000 0000 0000 0000 0000 0000 0000 0000 0000 0000 0000 
240 0000 0000 0000 0000 0000 0000 0000 0000 0000 0000 0000 0000 0000 0000 0000 0000 
250 0000 0000 0000 0000 0000 0000 0000 0000 0000 0000 0000 0000 0000 0000 0000 0000 
260 0000 0000 0000 0000 0000 0000 0000 0000 0000 0000 0000 0000 0000 0000 0000 0000 
270 0000 0000 0000 0000 0000 0000 0000 0000 0000 0000 0000 0000 0000 0000 0000 0000 
280 0000 0000 0000 0000 0000 0000 0000 0000 0000 0000 0000 0000 0000 0000 0000 0000 
290 0000 0000 0000 0000 0000 0000 0000 0000 0000 0000 0000 0000 0000 0000 0000 0000 
2A0 0000 0000 0000 0000 0000 0000 0000 0000 0000 0000 0000 0000 0000 0000 0000 0000 
2B0 0000 0000 0000 0000 0000 0000 0000 0000 0000 0000 0000 0000 0000 0000 0000 0000 
2C0 0000 0000 0000 0000 0000 0000 0000 0000 0000 0000 0000 0000 0000 0000 0000 0000 
2D0 0000 0000 0000 0000 0000 0000 0000 0000 0000 0000 0000 0000 0000 0000 0000 0000 
2E0 0000 0000 0000 0000 0000 0000 0000 0000 0000 0000 0000 0000 0000 0000 0000 0000 
2F0 0000 0000 0000 0000 0000 0000 0000 0000 0000 0000 0000 0000 0000 0000 0000 0000 
300 0000 0000 0000 0000 0000 0000 0000 0000 0000 0000 0000 0000 0000 0000 0000 0000 
310 0000 0000 0000 0000 0000 0000 0000 0000 0000 0000 0000 0000 0000 0000 0000 0000 
320 0000 0000 0000 0000 0000 0000 0000 0000 0000 0000 0000 0000 0000 0000 0000 0000 
330 0000 0000 0000 0000 0000 0000 0000 0000 0000 0000 0000 0000 0000 0000 0000 0000 
340 0000 0000 0000 0000 0000 0000 0000 0000 0000 0000 0000 0000 0000 0000 0000 0000 
350 0000 0000 0000 0000 0000 0000 0000 0000 0000 0000 0000 0000 0000 0000 0000 0000 
360 0000 0000 0000 0000 0000 0000 0000 0000 0000 0000 0000 0000 0000 0000 0000 0000 
370 0000 0000 0000 0000 0000 0000 0000 0000 0000 0000 0000 0000 0000 0000 0000 0000 
380 0000 0000 0000 0000 0000 0000 0000 0000 0000 0000 0000 0000 0000 0000 0000 0000 
390 0000 0000 0000 0000 0000 0000 0000 0000 0000 0000 0000 0000 0000 0000 0000 0000 
3A0 0000 0000 0000 0000 0000 0000 0000 0000 0000 0000 0000 0000 0000 0000 0000 0000 
3B0 0000 0000 0000 0000 0000 0000 0000 0000 0000 0000 0000 0000 0000 0000 0000 0000 
3C0 0000 0000 0000 0000 0000 0000 0000 0000 0000 0000 0000 0000 0000 0000 0000 0000 
3D0 0000 0000 0000 0000 0000 0000 0000 0000 0000 0000 0000 0000 0000 0000 0000 0000 
3E0 0000 0000 0000 0000 0000 0000 0000 0000 0000 0000 0000 0000 0000 0000 0000 0000 
3F0 0000 0000 0000 0000 0000 0000 0000 0000 0000 0000 0000 0000 0000 0000 0000 0000 
400 0000 0000 0000 0000 0000 0000 0000 0000 0000 0000 0000 0000 0000 0000 0000 0000 
410 0000 0000 0000 0000 0000 0000 0000 0000 0000 0000 0000 0000 0000 0000 0000 0000 
420 0000 0000 0000 0000 0000 0000 0000 0000 0000 0000 0000 0000 0000 0000 0000 0000 
430 0000 0000 0000 0000 0000 0000 0000 0000 0000 0000 0000 0000 0000 0000 0000 0000 
440 0000 0000 0000 0000 0000 0000 0000 0000 0000 0000 0000 0000 0000 0000 0000 0000 
450 0000 0000 0000 0000 0000 0000 0000 0000 0000 0000 0000 0000 0000 0000 0000 0000 
460 0000 0000 0000 0000 0000 0000 0000 0000 0000 0000 0000 0000 0000 0000 0000 0000 
470 0000 0000 0000 0000 0000 0000 0000 0000 0000 0000 0000 0000 0000 0000 0000 0000 
480 0000 0000 0000 0000 0000 0000 0000 0000 0000 0000 0000 0000 0000 0000 0000 0000 
490 0000 0000 0000 0000 0000 0000 0000 0000 0000 0000 0000 0000 0000 0000 0000 0000 
4A0 0000 0000 0000 0000 0000 0000 0000 0000 0000 0000 0000 0000 0000 0000 0000 0000 
4B0 0000 0000 0000 0000 0000 0000 0000 0000 0000 0000 0000 0000 0000 0000 0000 0000 
4C0 0000 0000 0000 0000 0000 0000 0000 0000 0000 0000 0000 0000 0000 0000 0000 0000 
4D0 0000 0000 0000 0000 0000 0000 0000 0000 0000 0000 0000 0000 0000 0000 0000 0000 
4E0 0000 0000 0000 0000 0000 0000 0000 0000 0000 0000 0000 0000 0000 0000 0000 0000 
4F0 0000 0000 0000 0000 0000 0000 0000 0000 0000 0000 0000 0000 0000 0000 0000 0000 
500 0000 0000 0000 0000 0000 0000 0000 0000 0000 0000 0000 0000 0000 0000 0000 0000 
510 0000 0000 0000 0000 0000 0000 0000 0000 0000 0000 0000 0000 0000 0000 0000 0000 
520 0000 0000 0000 0000 0000 0000 0000 0000 0000 0000 0000 0000 0000 0000 0000 0000 
530 0000 0000 0000 0000 0000 0000 0000 0000 0000 0000 0000 0000 0000 0000 0000 0000 
540 0000 0000 0000 0000 0000 0000 0000 0000 0000 0000 0000 0000 0000 0000 0000 0000 
550 0000 0000 0000 0000 0000 0000 0000 0000 0000 0000 0000 0000 0000 0000 0000 0000 
560 0000 0000 0000 0000 0000 0000 0000 0000 0000 0000 0000 0000 0000 0000 0000 0000 
570 0000 0000 0000 0000 0000 0000 0000 0000 0000 0000 0000 0000 0000 0000 0000 0000 
580 0000 0000 0000 0000 0000 0000 0000 0000 0000 0000 0000 0000 0000 0000 0000 0000 
590 0000 0000 0000 0000 0000 0000 0000 0000 0000 0000 0000 0000 0000 0000 0000 0000 
5A0 0000 0000 0000 0000 0000 0000 0000 0000 0000 0000 0000 0000 0000 0000 0000 0000 
5B0 0000 0000 0000 0000 0000 0000 0000 0000 0000 0000 0000 0000 0000 0000 0000 0000 
5C0 0000 0000 0000 0000 0000 0000 0000 0000 0000 0000 0000 0000 0000 0000 0000 0000 
5D0 0000 0000 0000 0000 0000 0000 0000 0000 0000 0000 0000 0000 0000 0000 0000 0000 
5E0 0000 0000 0000 0000 0000 0000 0000 0000 0000 0000 0000 0000 0000 0000 0000 0000 
5F0 0000 0000 0000 0000 0000 0000 0000 0000 0000 0000 0000 0000 0000 0000 0000 0000 
600 0000 0000 0000 0000 0000 0000 0000 0000 0000 0000 0000 0000 0000 0000 0000 0000 
610 0000 0000 0000 0000 0000 0000 0000 0000 0000 0000 0000 0000 0000 0000 0000 0000 
620 0000 0000 0000 0000 0000 0000 0000 0000 0000 0000 0000 0000 0000 0000 0000 0000 
630 0000 0000 0000 0000 0000 0000 0000 0000 0000 0000 0000 0000 0000 0000 0000 0000 
640 0000 0000 0000 0000 0000 0000 0000 0000 0000 0000 0000 0000 0000 0000 0000 0000 
650 0000 0000 0000 0000 0000 0000 0000 0000 0000 0000 0000 0000 0000 0000 0000 0000 
660 0000 0000 0000 0000 0000 0000 0000 0000 0000 0000 0000 0000 0000 0000 0000 0000 
670 0000 0000 0000 0000 0000 0000 0000 0000 0000 0000 0000 0000 0000 0000 0000 0000 
680 0000 0000 0000 0000 0000 0000 0000 0000 0000 0000 0000 0000 0000 0000 0000 0000 
690 0000 0000 0000 0000 0000 0000 0000 0000 0000 0000 0000 0000 0000 0000 0000 0000 
6A0 0000 0000 0000 0000 0000 0000 0000 0000 0000 0000 0000 0000 0000 0000 0000 0000 
6B0 0000 0000 0000 0000 0000 0000 0000 0000 0000 0000 0000 0000 0000 0000 0000 0000 
6C0 0000 0000 0000 0000 0000 0000 0000 0000 0000 0000 0000 0000 0000 0000 0000 0000 
6D0 0000 0000 0000 0000 0000 0000 0000 0000 0000 0000 0000 0000 0000 0000 0000 0000 
6E0 0000 0000 0000 0000 0000 0000 0000 0000 0000 0000 0000 0000 0000 0000 0000 0000 
6F0 0000 0000 0000 0000 0000 0000 0000 0000 0000 0000 0000 0000 0000 0000 0000 0000 
700 0000 0000 0000 0000 0000 0000 0000 0000 0000 0000 0000 0000 0000 0000 0000 0000 
710 0000 0000 0000 0000 0000 0000 0000 0000 0000 0000 0000 0000 0000 0000 0000 0000 
720 0000 0000 0000 0000 0000 0000 0000 0000 0000 0000 0000 0000 0000 0000 0000 0000 
730 0000 0000 0000 0000 0000 0000 0000 0000 0000 0000 0000 0000 0000 0000 0000 0000 
740 0000 0000 0000 0000 0000 0000 0000 0000 0000 0000 0000 0000 0000 0000 0000 0000 
750 0000 0000 0000 0000 0000 0000 0000 0000 0000 0000 0000 0000 0000 0000 0000 0000 
760 0000 0000 0000 0000 0000 0000 0000 0000 0000 0000 0000 0000 0000 0000 0000 0000 
770 0000 0000 0000 0000 0000 0000 0000 0000 0000 0000 0000 0000 0000 0000 0000 0000 
780 0000 0000 0000 0000 0000 0000 0000 0000 0000 0000 0000 0000 0000 0000 0000 0000 
790 0000 0000 0000 0000 0000 0000 0000 0000 0000 0000 0000 0000 0000 0000 0000 0000 
7A0 0000 0000 0000 0000 0000 0000 0000 0000 0000 0000 0000 0000 0000 0000 0000 0000 
7B0 0000 0000 0000 0000 0000 0000 0000 0000 0000 0000 0000 0000 0000 0000 0000 0000 
7C0 0000 0000 0000 0000 0000 0000 0000 0000 0000 0000 0000 0000 0000 0000 0000 0000 
7D0 0000 0000 0000 0000 0000 0000 0000 0000 0000 0000 0000 0000 0000 0000 0000 0000 
7E0 0000 0000 0000 0000 0000 0000 0000 0000 0000 0000 0000 0000 0000 0000 0000 0000 
7F0 0000 0000 0000 0000 0000 0000 0000 0000 0000 0000 0000 0000 0000 0000 0000 0000 
End Memory Dump: Data

